00011010 00000011 10100110 00001001 00001000 11011101 01001100 10100010 
11000000 10011010 10101110 10111011 01010100 00000000 00001100 01010100 
01101110 10110111 00000010 11000000 01100000 11000000 01111010 01001010 
01110000 01010100 01100010 01001100 11011010 01010100 11101010 00011101 
11010010 11110110 00111100 01111111 11000100 11110101 10111100 01010110 
00001110 10110001 00000000 01011110 10000000 11100000 11001010 00101010 
00001110 11001101 10000000 00000110 01001010 00011010 11011000 01011111 
10001110 01101111 11001010 10101111 00100010 11101100 01100110 00000111 
01011000 00101000 11101100 11011101 10001000 01000000 10111110 10100000 
01000100 00111111 01110100 10000100 01000110 10001100 00000010 10011000 
10111000 00001101 10111010 10011101 01001000 00001100 10111010 00011111 
01110010 10010100 00000010 00100111 00000010 10100110 00101100 01000101 
01110100 01110100 00000100 10010000 00101110 01000100 10100000 11101100 
01111000 10011001 00110010 10001011 11001110 00000011 00011000 10011110 
10101010 10111110 00000000 11001111 11100110 10101111 11000010 01111100 
10101010 11100000 11100110 00011001 10101000 11101100 01101100 01100011 
10010000 01111111 10001110 01011100 00010100 11000001 11111100 10101101 
00011110 01001001 10100010 11000010 00010000 11111010 00011010 01001111 
11000000 01110000 10110010 00101000 00101010 01110111 11011010 10011110 
01110010 10001101 11011100 10001000 00000100 01100110 01001100 10110101 
01001110 00101000 11100000 00111001 01010000 11110101 10011010 01000011 
00101110 01100001 00110000 01000110 11101010 11111000 11001000 10010000 
01011110 10000110 00011010 01001110 10110010 01010001 00100110 01000011 
01111000 10100010 11001100 01101011 11011000 01000001 10011110 00101001 
01000100 00100101 10100100 01001000 01110110 01100000 11100010 01000101 
11101000 10110010 00011010 10111011 01011000 10110111 11001010 00011111 
00000010 00000111 01110010 01110000 00100010 10000110 11001100 01100101 
01110100 11000000 10010100 11001110 11101110 00011110 01000000 10110010 
00001000 11011110 10000010 00000111 00101110 11000100 01001000 10010010 
10001010 00110110 10110000 11010110 01110110 01001110 11010010 00011100 
00111010 10111000 00100110 01100010 01001000 10101011 00001100 00101000 
01100000 01010110 01101110 00011010 01010100 01101111 01101100 01101010 
¢Ì0÷”!10000101 11110111 11100110 10111100 00000000 01001001 10111111 01010110 
01101011 11110000 11100110 01100111 10111111 01001110 00101010 10000100 
01010001 00101010 10100101 11000110 11101001 00001111 01111011 10011111 
11110110 00110010 10001110 11101010 01100100 00001011 01110001 11111000 
10000100 11011111 11110010 10000010 11010101 11100011 11110101 11111100 
01110110 00111110 11000111 01101110 11001010 00010010 01101011 10001101 
00111101 10011011 10010001 01010110 00110101 00010100 10101000 10100101 
11001110 01011111 11000110 10010101 11011101 00010111 01110110 10100011 
10010100 10001010 10100011 00111000 01010011 11011010 00001010 10101110 
00110111 01100101 11110110 01100010 01011101 00111001 01000001 11101100 
00101101 00110010 01010011 01111110 10011110 01011001 01101110 11000100 
10000000 10101000 11110001 01100111 00001100 01001100 11101110 11010100 
01110001 01100010 11111101 10001110 11111010 00000111 01011111 10011101 
01101110 00101010 11110111 11111011 01011001 00011011 11001101 10101000 
01100101 11111110 01010000 10000001 00100110 11100010 00110010 11110111 
10110101 01100011 01110110 01010011 01011000 00001111 11100111 11110001 
00101011 10011101 11001110 11110111 00111111 00010110 00010010 00101000 
11111001 10010000 00001101 01101110 01010001 10101100 00001011 10101001 
00000110 10101101 01011110 01100000 01011100 11110101 00010001 11000000 
01100100 01101000 10111010 01100100 01101101 11011010 01110101 11000010 
00011110 11100011 00100111 01101111 11100010 00110100 10010011 01101100 
01000101 00110111 00001001 11011010 01110101 01011100 11011000 11010001 
01001110 00001101 01111110 01010110 01001101 11011101 00100110 11100111 
11001100 01110111 11001011 10111101 01110011 00000110 11110010 11111010 
10010111 01001100 00111110 11111011 01100101 00111011 10001001 01100100 
11010101 10111110 10100011 11000001 11101110 10100110 01011110 00101010 
01111000 10110011 10010001 10001011 01001100 01011111 11010110 00011010 
00001001 00101001 11011101 01011000 00100010 10110011 11011111 11110000 
11100110 10100001 11111111 10101010 00000001 11011100 11000101 11000010 
11100101 10001001 00000000 11011100 11000110 01000111 10101010 00011111 
11100101 01001100 11000110 11010111 01110000 00111111 10001111 11011100 
10101011 00111100 00110110 11000110 11111111 00100001 00111010 10111010 
i¦Dì\Ú)ñ01000101 11010000 10100000 10111001 00000110 00001010 01111011 00111111 
11100101 01111101 10100110 01001010 10000001 00001011 01100000 11101100 
10001011 11110011 00100111 10111010 11100001 11011011 11101011 01000110 
10110010 11010000 00001000 10000111 11001100 11111100 10011101 00110100 
10111010 01001111 11010100 10111111 01101001 00100000 01010111 10100110 
10001110 01110110 00111101 10000001 11000000 10000101 11100101 01010001 
11001011 01001110 11111101 01111110 10100101 11001110 10110000 11100100 
11001000 10100100 10100010 01101011 01010101 10110010 01111000 00101110 
01101010 01111000 11110111 00010101 11001101 01000011 11100010 10000110 
01100001 00010011 11000100 10110001 10101111 11011001 01000011 00001001 
00100101 00011001 01110011 00101111 11110010 00010100 01101000 00110101 
10011000 00111100 01100101 11011001 01011010 01011011 00000000 11111101 
11111101 11011001 10111111 11100010 01011010 10001001 11111101 00110110 
10111100 11110110 00011001 10101010 01010111 10011011 10111001 01011101 
11010101 10010000 01110000 11000101 00010000 10110110 10001110 00011101 
01000101 01000100 10000000 11111100 10011110 00101010 11010011 10001001 
11000101 00000001 00011110 10011110 01110001 11011011 10011000 11101010 
11100011 11000001 10001111 00010010 00001001 01101001 01111011 00110100 
01110010 00011010 10011000 01011000 10000100 01110101 11101101 11110011 
00001010 10101101 00011100 10100110 01110001 00001000 11110111 01110110 
00100110 11101111 10001101 00111011 01101000 00111010 00011101 11110100 
10110011 00101110 11110101 01001001 10000101 00001110 11010000 10010000 
10101000 01101111 01111010 01000110 01010101 10000111 01111000 10010101 
00100010 01001001 11001111 10000001 11001101 01110001 10011010 11000011 
11110001 10110010 10011100 10000010 01100111 10101100 10001011 11010100 
10001101 11010001 00000011 10000001 11110010 00010100 00011000 10001110 
10010000 11111010 11110101 11001010 00001010 01001000 10101000 10011001 
10000101 10000011 11111111 11011010 10110010 11010011 00101101 11100000 
10000100 11100100 10110001 10111111 11011111 11000101 10110001 11011001 
00110101 00111010 10010000 11001101 10010000 01110101 11100110 01001110 
11000101 01101011 00100000 11010010 01110110 01111100 10101011 10110101 
11100101 10110001 10010110 11101011 00100001 01100100 10010000 11010010 
'+äÁ‚Ÿƒ™